1592334582
1822154908
1068256093
1705885261
1033597355
1986282349
1986282349
1549578895
1549578895
1029556750
1136794186
637308804
637308804
637308804
1808900897
1808900897
1808900897
1705885261
1136754989
-1001558652150
1808900897
1113853324
1705885261
1705885261
2102164189
942505219
1383705831
1081648211
1004763613
2102164189
2035125680
941439783
941439783
1800739243
2056192336
2007187464
1800739243
2056192336
1808900897
2056192336
1705885261
1701484734
1701484734
918768460
1742381251
1742381251
961296670
1095859125
1017767081
1017767081
1017767081
1658324319
2048206971
1005686159
1005686159
2048206971
-1001558652150
-1001558652150
-1001558652150
-1001558652150
1052900007
1515975662
1515975662
912410056
912410056
912410056
912410056
912410056
1671538877
942505219
1800739243
1800739243
1800739243
-1001558652150
928523968
928523968
942505219
1412248126
1095859125
2125614768
1095083160
2125614768
1088267484
1095083160
1354594128
1559728416
